18-09-23;4026546;277540;72;6;93
18-09-23;8335615;879231;83;19;24
18-09-23;4797356;571001;143;3;71
18-09-23;2360061;588391;22;18;23
18-09-23;6556918;900272;95;4;63
18-09-23;8248546;215194;87;13;89
18-09-23;6609258;834351;170;5;83
18-09-23;5075484;228009;50;12;8
18-09-23;2503333;466893;149;20;52
18-09-23;6224918;657647;37;6;37
18-09-23;5874563;804918;52;12;82
18-09-23;6973865;898855;64;11;8
18-09-23;6575551;647735;151;20;17
18-09-23;6237899;685949;160;18;97
18-09-23;6297166;856697;158;4;74
18-09-23;8826947;985952;40;2;18
18-09-23;4858326;992952;99;5;48
18-09-23;6860980;942488;148;5;99
18-09-23;3039513;326414;36;18;43
18-09-23;6234447;266925;112;5;82
18-09-23;9184615;610930;86;8;95
18-09-23;3466884;812024;100;16;12
18-09-23;4005448;592404;47;11;14
18-09-23;8233672;454439;73;16;93
18-09-23;5936010;999570;95;3;31
18-09-23;5961941;498369;156;10;51
18-09-23;6727079;872478;22;15;39
18-09-23;4741409;883441;77;20;37
18-09-23;7330519;695535;140;18;12
18-09-23;9676103;926675;130;11;44
18-09-23;6706537;535857;94;8;48
18-09-23;2342113;364512;111;7;15
18-09-23;9346693;375324;133;8;40
18-09-23;4094457;835958;52;8;75
18-09-23;8492199;224058;123;20;6
18-09-23;2397681;226481;107;5;61
18-09-23;4895759;588052;26;8;7
18-09-23;8714760;714996;119;16;4
18-09-23;3275269;665495;123;15;71
18-09-23;4766208;608514;45;17;46
18-09-23;4989264;992943;140;18;22
18-09-23;9417343;223014;63;13;6
18-09-23;4851878;373510;119;12;35
18-09-23;9457628;392633;81;0;35
18-09-23;7531146;750268;152;6;17
18-09-23;8015986;307265;125;15;20
18-09-23;2100405;683425;136;20;34
18-09-23;7650241;626770;153;16;39
18-09-23;3178113;276568;69;13;9
18-09-23;7474632;838425;126;11;79
18-09-23;3602615;938984;130;1;15
18-09-23;3777444;754849;86;20;81
18-09-23;4326349;428305;105;7;74
18-09-23;3872692;865353;103;0;9
18-09-23;7026548;658489;164;5;65
18-09-23;3090648;537819;22;16;28
18-09-23;8811026;259473;27;0;35
18-09-23;6353810;367615;122;9;29
18-09-23;3605257;303305;135;11;79
18-09-23;5622788;892074;142;7;85
18-09-23;6372740;913635;62;9;78
18-09-23;5405930;235414;128;12;62
18-09-23;5692166;546144;113;12;85
18-09-23;7443870;582309;49;14;18
18-09-23;7902540;569438;60;6;26
18-09-23;8922663;841432;114;14;64
18-09-23;5183559;949876;41;8;94
18-09-23;5944696;841966;99;2;34
18-09-23;6594030;777382;150;10;12
18-09-23;9996272;633726;63;9;100
18-09-23;9546997;319686;152;1;23
18-09-23;8360566;457730;109;12;40
18-09-23;9076169;389710;37;6;67
18-09-23;9114691;943284;57;14;51
18-09-23;4984708;558746;114;13;10
18-09-23;6246332;547827;30;8;23
18-09-23;8163707;208541;55;6;14
18-09-23;3958927;678009;40;0;61
18-09-23;5921706;691510;128;3;28
18-09-23;3321887;523044;132;17;65
18-09-23;8396583;703701;39;9;44
18-09-23;7765860;356489;150;19;61
18-09-23;6527512;920297;75;12;32
18-09-23;7188773;803142;144;13;23
18-09-23;8222495;646469;129;15;3
18-09-23;7770888;507428;123;1;48
18-09-23;5759149;949017;136;6;67
18-09-23;9485434;890826;165;6;77
18-09-23;6018935;843342;61;17;3
18-09-23;6035700;460917;64;11;18
18-09-23;9376308;397443;136;6;36
18-09-23;9707243;892866;74;3;97
18-09-23;8627877;713046;132;11;73
18-09-23;9407822;332869;93;1;71
18-09-23;9679649;254778;146;8;29
18-09-23;9589923;476225;131;19;18
18-09-23;2666260;616104;120;0;83
18-09-23;8394705;266423;55;6;85
18-09-23;6112019;413157;41;20;62
18-09-23;3819842;544833;133;1;40
18-09-22;3126609;359059;145;13;14
18-09-22;7939178;202454;108;13;55
18-09-22;3674687;622264;93;8;50
18-09-22;7442738;795217;161;16;47
18-09-22;2566862;420288;97;20;97
18-09-22;3076394;712244;61;3;96
18-09-22;5444387;602167;146;4;43
18-09-22;6206448;324108;117;9;70
18-09-22;6713957;353360;112;4;10
18-09-22;3861864;825646;73;13;38
18-09-22;2180333;200475;96;10;30
18-09-22;9385956;792230;146;9;56
18-09-22;6879436;494068;53;8;51
18-09-22;7569108;872161;93;5;98
18-09-22;4876169;543993;137;6;2
18-09-22;9541778;591850;93;10;27
18-09-22;5780132;373246;97;19;23
18-09-22;8348888;921727;30;18;48
18-09-22;4904721;709844;52;19;59
18-09-22;8300799;309055;151;20;93
18-09-22;8963437;624110;132;17;89
18-09-22;2033057;675082;54;14;22
18-09-22;6945725;648750;29;0;32
18-09-22;5329995;576504;130;0;99
18-09-22;3307075;903073;58;8;24
18-09-22;8756214;543867;41;3;96
18-09-22;2903752;665260;26;15;93
18-09-22;6170048;522551;139;17;4
18-09-22;6738451;934902;84;17;95
18-09-22;8738377;319271;149;5;36
18-09-22;2578689;763323;69;6;26
18-09-22;8343313;950494;61;19;99
18-09-22;7406319;593335;138;0;97
18-09-22;5243280;841771;169;2;74
18-09-22;4799030;510593;144;9;45
18-09-22;3463757;845220;160;4;90
18-09-22;9839185;473179;88;19;61
18-09-22;7446309;503118;105;13;95
18-09-22;9126055;805802;120;14;64
18-09-22;4826684;947156;67;3;99
18-09-22;9214528;672244;91;5;37
18-09-22;3509287;727211;22;17;20
18-09-22;6081826;840404;146;8;94
18-09-22;7211543;728234;166;11;56
18-09-22;2081213;868584;75;11;100
18-09-22;4022939;518446;148;12;76
18-09-22;9091254;781746;155;5;79
18-09-22;8842008;935786;104;7;19
18-09-22;8281051;632636;80;18;44
18-09-22;5442535;947079;98;6;72
18-09-22;6760589;995419;39;7;8
18-09-22;4443692;905364;43;8;28
18-09-22;9216317;786823;134;3;28
18-09-22;7538118;801979;57;5;23
18-09-22;5141031;212213;72;14;63
18-09-22;5653034;553407;116;20;87
18-09-22;2376864;339569;34;16;83
18-09-22;3483050;888968;68;7;66
18-09-22;3365449;752847;89;13;28
18-09-22;6766538;503999;102;9;56
18-09-22;9627495;314033;70;9;22
18-09-22;8607606;719588;164;15;3
18-09-22;4738178;429054;46;11;88
18-09-22;9836195;307642;125;11;17
18-09-22;9027317;768279;110;11;29
18-09-22;4501778;222248;104;3;92
18-09-22;2404152;348597;61;2;75
18-09-22;7089517;736576;40;8;92
18-09-22;9112167;957563;125;14;84
18-09-22;6208550;809115;105;18;38
18-09-22;9986492;298565;79;4;36
18-09-22;9151619;837234;167;8;37
18-09-22;2723122;401855;31;20;34
18-09-22;5777681;266170;136;6;77
18-09-22;6776849;297790;90;2;70
18-09-22;3531884;727592;28;6;49
18-09-22;9745913;560654;49;6;95
18-09-22;7331754;256110;61;4;38
18-09-22;7340966;272454;47;14;1
18-09-22;6278932;975200;44;1;12
18-09-22;8609089;753529;26;18;27
18-09-22;7459325;463795;168;7;67
18-09-22;4485560;875049;65;6;26
18-09-22;6785586;806533;21;7;75
18-09-22;7990020;319140;159;7;1
18-09-22;6966644;969094;144;8;37
18-09-22;4630411;655955;99;9;47
18-09-22;3291290;319988;100;2;60
18-09-22;3572931;826132;35;13;42
18-09-22;9313044;997652;107;12;80
18-09-22;5469094;870064;23;16;15
18-09-22;3478761;345981;55;19;85
18-09-22;2639682;257158;85;15;18
18-09-22;4292070;665338;96;18;69
18-09-22;9998247;434108;96;8;9
18-09-22;8733300;629144;138;11;1
18-09-22;8534252;217294;124;18;4
18-09-22;6909008;602500;48;7;58
18-09-22;5079612;799331;123;2;42
18-09-22;7727024;324660;113;17;43
18-09-21;4949552;747014;100;2;88
18-09-21;6135483;285474;82;3;66
18-09-21;9846213;504518;161;6;57
18-09-21;8233296;256279;41;3;73
18-09-21;7070490;766005;39;15;53
18-09-21;8530197;296218;70;11;95
18-09-21;8265669;793930;62;10;53
18-09-21;7927674;876344;149;14;91
18-09-21;6485200;238405;135;0;47
18-09-21;9350642;735180;83;10;50
18-09-21;5883812;242386;87;9;86
18-09-21;8690217;336780;36;16;22
18-09-21;5679829;353378;138;0;84
18-09-21;5954927;848801;73;4;67
18-09-21;2977228;300838;152;6;69
18-09-21;2452732;342263;116;8;96
18-09-21;7196088;634244;102;10;80
18-09-21;3014251;217275;79;17;35
18-09-21;7040486;600492;112;11;7
18-09-21;5726082;209364;154;18;87
18-09-21;2344756;643970;159;5;23
18-09-21;5856975;745900;79;8;42
18-09-21;2192432;429884;127;14;66
18-09-21;8440715;819328;46;14;93
18-09-21;5982354;744265;145;11;10
18-09-21;4291185;477069;151;8;21
18-09-21;2028507;205880;149;14;21
18-09-21;9044039;592737;108;3;48
18-09-21;8214560;882316;22;12;75
18-09-21;7546378;502226;110;10;55
18-09-21;3662679;385263;33;13;62
18-09-21;3705092;533319;165;11;36
18-09-21;4486872;687101;97;3;59
18-09-21;3890955;917178;147;7;35
18-09-21;7809320;659599;169;2;53
18-09-21;2467193;697757;112;3;37
18-09-21;2679230;715890;165;14;61
18-09-21;3865037;454149;37;9;53
18-09-21;6259428;602951;153;3;85
18-09-21;8292559;487782;109;14;92
18-09-21;5108193;210518;150;13;97
18-09-21;5083869;416904;98;3;53
18-09-21;7042726;453743;75;9;25
18-09-21;6732228;608328;43;5;83
18-09-21;9704229;936850;74;2;60
18-09-21;9735406;459594;92;6;39
18-09-21;8030834;207019;69;13;99
18-09-21;2791230;286654;143;8;23
18-09-21;8017013;873519;130;16;98
18-09-21;6183904;851494;105;7;12
18-09-21;7098344;490188;28;14;1
18-09-21;3805359;516117;141;19;21
18-09-21;5764819;786415;155;10;14
18-09-21;5194768;339893;106;13;31
18-09-21;7495014;695689;82;20;23
18-09-21;9887754;558648;93;7;27
18-09-21;7064116;720270;85;7;17
18-09-21;7678014;393531;57;4;72
18-09-21;3355720;262328;24;15;15
18-09-21;2670289;464815;133;12;83
18-09-21;5355671;932770;159;14;91
18-09-21;9289088;496624;106;15;51
18-09-21;8928197;649409;89;14;2
18-09-21;7631682;286463;135;0;18
18-09-21;3482871;504554;36;10;48
18-09-21;8316798;866949;96;6;73
18-09-21;3761318;682000;63;6;65
18-09-21;4185108;382600;100;0;41
18-09-21;3918039;664193;112;10;93
18-09-21;3079355;287716;144;18;42
18-09-21;5462447;639170;123;15;37
18-09-21;9897321;934234;166;17;57
18-09-21;2595825;712223;106;11;16
18-09-21;7212918;219119;130;9;77
18-09-21;7463422;430071;132;16;83
18-09-21;7769667;884187;157;19;29
18-09-21;4241977;378844;87;19;74
18-09-21;7769654;537865;156;18;76
18-09-21;3453401;509552;161;4;22
18-09-21;8727225;588893;123;9;88
18-09-21;8302361;773883;24;9;43
18-09-21;9408619;772832;164;18;43
18-09-21;4415032;265110;131;10;20
18-09-21;6972391;215129;139;0;92
18-09-21;8426163;673756;44;11;41
18-09-21;8971651;377020;161;7;93
18-09-21;4655775;812452;123;10;82
18-09-21;3908311;771241;92;19;38
18-09-21;4468030;504629;115;9;46
18-09-21;3448419;714994;163;6;57
18-09-21;4963938;218626;126;2;58
18-09-21;7542390;741867;143;4;45
18-09-21;3603413;658016;86;7;33
18-09-21;6690299;977040;119;4;76
18-09-21;5497878;251635;79;11;78
18-09-21;3792519;607420;121;11;38
18-09-21;8992383;647597;99;3;14
18-09-21;9892596;252742;87;14;53
18-09-21;6949371;218555;61;13;58
18-09-21;7975332;545922;24;20;37
18-09-20;6111165;254595;141;18;10
18-09-20;3944680;259077;50;12;66
18-09-20;5587351;401226;38;13;80
18-09-20;9859926;268022;59;1;36
18-09-20;9097995;698252;159;19;74
18-09-20;9919190;284249;41;14;78
18-09-20;7219113;296702;125;0;4
18-09-20;4773370;635334;137;11;17
18-09-20;9909715;454464;148;10;87
18-09-20;8052702;344248;81;13;100
18-09-20;8184366;789624;143;11;51
18-09-20;7688804;273179;141;9;57
18-09-20;3157868;774280;160;6;48
18-09-20;9856100;959725;125;20;4
18-09-20;7391627;349943;155;7;59
18-09-20;6022435;302346;166;12;76
18-09-20;7512771;927402;68;15;31
18-09-20;8038384;837229;95;11;58
18-09-20;4303912;481722;159;19;48
18-09-20;3769187;367967;65;6;73
18-09-20;3277415;910424;131;7;20
18-09-20;9940334;357215;144;19;16
18-09-20;7720212;962202;55;2;51
18-09-20;9996934;477256;29;18;56
18-09-20;6799056;399818;80;1;93
18-09-20;7388574;995155;76;17;98
18-09-20;7047293;247325;162;1;84
18-09-20;2699181;744508;119;15;47
18-09-20;3673285;341644;63;12;73
18-09-20;6573922;731416;127;6;64
18-09-20;6816332;992436;85;19;94
18-09-20;8235249;704854;77;7;56
18-09-20;4880294;786937;167;19;99
18-09-20;6902486;980307;49;12;50
18-09-20;7826034;232238;62;11;90
18-09-20;9008841;754882;141;0;45
18-09-20;2892123;479031;55;17;60
18-09-20;6629963;419682;79;20;50
18-09-20;5082736;522561;23;8;88
18-09-20;4100092;925094;166;17;39
18-09-20;2619249;985135;42;15;78
18-09-20;7647846;637925;159;14;44
18-09-20;2225954;221316;121;0;13
18-09-20;4418240;871243;77;4;31
18-09-20;7690207;904759;107;13;15
18-09-20;4270223;948951;154;4;65
18-09-20;8444054;276372;56;7;73
18-09-20;3287233;295261;66;7;85
18-09-20;9140890;982456;120;5;81
18-09-20;9888935;797594;91;17;33
18-09-20;2355345;498842;40;15;34
18-09-20;9997210;902633;74;5;49
18-09-20;2404184;265232;156;10;80
18-09-20;8936379;730299;37;1;56
18-09-20;6730620;656530;121;15;32
18-09-20;9583634;614757;98;11;5
18-09-20;7612750;701784;33;20;46
18-09-20;7180813;320165;67;18;98
18-09-20;5402333;693333;61;17;31
18-09-20;8467552;795849;102;11;4
18-09-20;8133165;675444;154;8;85
18-09-20;5772743;607004;29;20;12
18-09-20;6620421;355140;67;12;53
18-09-20;5195188;497405;24;1;16
18-09-20;9676270;375033;165;12;20
18-09-20;5450829;896882;31;0;73
18-09-20;8747459;796961;66;5;91
18-09-20;9771811;442952;112;7;85
18-09-20;9742773;762202;58;7;63
18-09-20;6120185;787687;52;20;22
18-09-20;9533570;552943;155;4;12
18-09-20;3881555;858013;75;10;8
18-09-20;6122384;544597;155;1;73
18-09-20;8528378;445178;31;14;94
18-09-20;7205644;463880;142;9;65
18-09-20;5153949;521663;110;11;29
18-09-20;8542416;397119;102;1;45
18-09-20;7865005;877685;54;20;23
18-09-20;3302834;520176;55;12;98
18-09-20;6693053;731072;147;2;73
18-09-20;4654350;899742;52;17;25
18-09-20;4324846;942995;122;15;83
18-09-20;8721833;711784;127;8;5
18-09-20;8064641;929320;49;5;51
18-09-20;3683658;682181;58;17;69
18-09-20;8918148;461053;21;3;10
18-09-20;7620505;475238;146;20;91
18-09-20;9827339;393581;35;18;8
18-09-20;9997439;440777;61;6;89
18-09-20;9518974;945846;51;17;94
18-09-20;9675049;386186;149;7;66
18-09-20;2642095;596462;102;19;45
18-09-20;3994299;265619;52;10;35
18-09-20;6079674;568135;101;2;92
18-09-20;3796505;426353;146;4;18
18-09-20;7691629;425248;140;10;1
18-09-20;3030232;625372;40;7;59
18-09-20;7140058;571867;127;9;56
18-09-20;7488306;668883;78;4;72
18-09-20;9860887;374583;62;11;10
18-09-19;4203615;534786;110;20;58
18-09-19;7541768;545443;32;13;60
18-09-19;2355088;505033;86;20;69
18-09-19;8200246;974314;136;7;47
18-09-19;9659304;515636;50;15;98
18-09-19;3982342;412303;83;13;76
18-09-19;5985648;991332;40;19;100
18-09-19;2701428;508042;148;13;28
18-09-19;8716797;998855;66;6;62
18-09-19;4134771;713546;72;12;57
18-09-19;9341519;884789;150;0;76
18-09-19;9995040;399583;54;9;34
18-09-19;7236087;284584;37;3;20
18-09-19;7713612;220065;105;7;52
18-09-19;5562392;877314;106;13;38
18-09-19;8287766;583531;121;0;49
18-09-19;2791614;575050;39;16;36
18-09-19;8406151;718814;49;20;30
18-09-19;4528504;934340;140;16;22
18-09-19;6293162;369011;105;10;12
18-09-19;9023127;427502;45;12;98
18-09-19;2920298;863693;102;9;70
18-09-19;7597113;871980;114;9;76
18-09-19;3833506;372050;102;16;31
18-09-19;3814471;674230;82;0;31
18-09-19;5170958;662412;87;5;7
18-09-19;2613624;719252;169;5;13
18-09-19;5710448;349890;131;13;16
18-09-19;3186729;231832;107;9;17
18-09-19;6436459;707157;71;18;85
18-09-19;2055814;464094;128;17;31
18-09-19;2550466;526612;115;4;50
18-09-19;5319034;223943;77;10;80
18-09-19;3509705;558208;81;2;96
18-09-19;4789722;495972;79;3;62
18-09-19;6655917;352331;44;18;68
18-09-19;7861178;349584;34;11;25
18-09-19;7784817;722692;76;17;30
18-09-19;2249964;523562;35;19;10
18-09-19;6349290;328809;161;16;93
18-09-19;2620128;249382;25;12;27
18-09-19;8692497;236166;57;7;57
18-09-19;6440621;990908;154;5;98
18-09-19;4767971;983635;158;16;3
18-09-19;5558888;361530;112;10;68
18-09-19;4680587;226418;74;15;94
18-09-19;9534842;342123;152;6;84
18-09-19;4107745;257159;51;17;28
18-09-19;4461044;964560;168;10;96
18-09-19;6804410;597429;82;18;78
18-09-19;5669210;392613;122;11;41
18-09-19;3747274;890595;25;11;18
18-09-19;5307817;675156;116;20;77
18-09-19;4955197;989009;78;18;69
18-09-19;6358790;886963;95;15;100
18-09-19;6875326;438719;36;2;48
18-09-19;6784108;385396;159;0;50
18-09-19;2585368;966905;87;10;55
18-09-19;5624592;241338;154;16;72
18-09-19;3827656;919120;166;12;89
18-09-19;4004565;926595;155;9;64
18-09-19;7499930;591651;24;17;25
18-09-19;3863703;875815;104;8;85
18-09-19;4571555;343278;115;2;16
18-09-19;3827755;857360;124;9;88
18-09-19;8391117;591259;29;20;4
18-09-19;8311758;752572;22;6;88
18-09-19;5795820;678987;116;14;71
18-09-19;2556440;687003;37;6;87
18-09-19;7483559;534384;125;14;72
18-09-19;9295732;757396;143;13;90
18-09-19;3699256;693512;67;2;1
18-09-19;2826332;255882;37;20;52
18-09-19;8537846;629751;161;15;59
18-09-19;8410441;863507;116;2;19
18-09-19;4727886;869806;156;19;49
18-09-19;7385983;204341;41;5;5
18-09-19;9957712;935938;147;19;33
18-09-19;4216515;650782;70;12;43
18-09-19;7800614;961919;104;18;67
18-09-19;8792292;676546;80;15;60
18-09-19;3778144;815928;152;20;26
18-09-19;7686642;930652;119;18;63
18-09-19;2257469;810613;160;0;47
18-09-19;2076233;350828;102;3;51
18-09-19;8053419;753762;104;17;34
18-09-19;3763650;283734;99;8;8
18-09-19;7979358;591256;42;9;67
18-09-19;4267130;336348;130;0;44
18-09-19;7027966;534519;170;11;10
18-09-19;7561506;844545;92;17;55
18-09-19;8334585;603760;149;5;6
18-09-19;3077923;326491;41;18;52
18-09-19;8425918;401117;154;20;50
18-09-19;5501411;745051;58;1;26
18-09-19;9294349;970336;48;19;67
18-09-19;9102431;763277;88;7;44
18-09-19;9875355;743906;31;8;67
18-09-19;5199120;642537;142;14;32
18-09-19;7858737;907280;145;4;19
