18-09-23;7285172;483636;119;12;45
18-09-23;3823150;555592;154;5;90
18-09-23;8269281;303317;48;19;62
18-09-23;7552644;777450;144;5;12
18-09-23;9886582;813575;54;0;15
18-09-23;2877301;200734;73;2;19
18-09-23;4291808;479862;22;14;7
18-09-23;3833767;834481;103;0;20
18-09-23;3495181;639671;48;0;5
18-09-23;5318184;421366;158;11;60
18-09-23;3250038;694120;50;13;86
18-09-23;2912956;534304;151;1;8
18-09-23;4513447;362397;138;11;52
18-09-23;6695741;232096;104;12;39
18-09-23;7439011;372745;72;10;36
18-09-23;5080274;848485;46;1;39
18-09-23;6694790;426584;29;9;54
18-09-23;6114464;636909;134;1;62
18-09-23;7537612;538113;131;7;44
18-09-23;2031911;329275;159;1;95
18-09-23;2876589;292323;143;7;14
18-09-23;9070953;367115;145;11;43
18-09-23;9509900;503858;20;11;100
18-09-23;5052493;524054;44;16;38
18-09-23;9018459;272738;23;19;84
18-09-23;5350256;417859;156;9;38
18-09-23;2921595;821858;170;2;79
18-09-23;4792253;759329;68;9;73
18-09-23;8184881;330335;73;7;60
18-09-23;9633283;887393;102;8;38
18-09-23;4474962;885036;34;5;71
18-09-23;4871911;436926;86;20;60
18-09-23;2200454;244932;153;11;91
18-09-23;5119037;367627;41;17;10
18-09-23;6293435;981335;92;3;43
18-09-23;7191243;741087;129;11;63
18-09-23;7337674;812309;98;0;85
18-09-23;9196175;379882;99;9;18
18-09-23;6360436;629109;170;1;60
18-09-23;2579517;860970;67;14;37
18-09-23;6933715;684111;151;6;47
18-09-23;2632150;346832;140;11;35
18-09-23;5433513;700736;115;11;48
18-09-23;9476173;243030;145;15;14
18-09-23;8746207;768535;53;15;18
18-09-23;4862711;702886;108;6;79
18-09-23;6058990;595302;135;0;15
18-09-23;3565951;515654;47;6;63
18-09-23;4348118;306713;158;16;71
18-09-23;9883547;369171;166;12;68
18-09-23;5567449;735624;63;14;94
18-09-23;9050281;361079;127;3;53
18-09-23;7151796;837269;24;3;93
18-09-23;7085826;223214;37;3;12
18-09-23;8503524;366912;65;12;39
18-09-23;5291783;714544;154;20;59
18-09-23;6788480;883785;34;0;18
18-09-23;4381847;366523;79;11;39
18-09-23;5372403;421474;37;15;6
18-09-23;6716682;778738;160;8;77
18-09-23;7221136;293223;130;14;41
18-09-23;6544242;808979;116;8;9
18-09-23;4309798;205120;158;15;43
18-09-23;2360339;397982;99;20;97
18-09-23;7427484;537961;20;14;5
18-09-23;7272039;932840;75;12;53
18-09-23;5473854;560060;122;7;60
18-09-23;2920088;385903;22;12;64
18-09-23;5034558;325603;126;5;37
18-09-23;5756783;522428;100;20;80
18-09-23;7539498;620531;80;4;39
18-09-23;3888714;272100;78;4;79
18-09-23;8419138;786200;167;1;57
18-09-23;7308622;657226;117;14;59
18-09-23;2036618;845583;84;3;93
18-09-23;9125416;601802;58;17;100
18-09-23;6037343;201940;109;13;79
18-09-23;8887148;869733;156;18;82
18-09-23;3996306;865583;106;6;57
18-09-23;3511611;737632;145;9;47
18-09-23;4241957;519684;62;4;90
18-09-23;6376318;912268;110;10;24
18-09-23;4382897;611682;35;3;91
18-09-23;2569513;916777;163;7;4
18-09-23;2037841;905490;159;10;1
18-09-23;2547162;799622;134;3;25
18-09-23;8482621;838189;123;4;39
18-09-23;2504804;899425;59;5;54
18-09-23;8660185;915274;149;9;14
18-09-23;9704805;672618;133;17;21
18-09-23;3771070;227024;155;4;32
18-09-23;3253873;673464;23;15;49
18-09-23;4168098;321689;134;11;9
18-09-23;8049956;923739;168;18;61
18-09-23;3017637;371375;74;17;36
18-09-23;4741597;593106;98;0;43
18-09-23;9128381;990881;87;6;33
18-09-23;3079133;458668;167;7;85
18-09-23;2965687;977906;124;16;11
18-09-23;4926360;800780;38;17;24
18-09-22;4731414;299520;143;0;4
18-09-22;7075942;429786;23;17;15
18-09-22;2126516;812085;41;9;60
18-09-22;6739167;543406;146;14;74
18-09-22;5969068;214778;145;18;87
18-09-22;9625539;497874;168;5;77
18-09-22;6737131;401658;143;2;19
18-09-22;9204917;682728;34;4;97
18-09-22;9198201;911094;134;15;99
18-09-22;8787594;306292;122;20;44
18-09-22;6484365;428217;151;19;42
18-09-22;5586205;430344;160;11;18
18-09-22;4989056;559150;58;6;48
18-09-22;5266721;483986;134;2;93
18-09-22;7789685;363399;147;17;64
18-09-22;6939243;868477;64;18;73
18-09-22;6890223;437965;81;15;83
18-09-22;6526352;371412;152;8;43
18-09-22;6094934;305845;24;2;95
18-09-22;2644132;303262;101;13;3
18-09-22;5281062;672506;53;11;73
18-09-22;3812263;297477;157;18;29
18-09-22;4366861;778594;103;2;80
18-09-22;4952617;312466;85;18;42
18-09-22;8378129;897117;54;13;52
18-09-22;6956401;897584;143;1;84
18-09-22;4645600;274246;134;1;69
18-09-22;4935700;598689;143;15;70
18-09-22;4165079;617012;57;6;44
18-09-22;4935575;883540;25;18;3
18-09-22;4087093;293875;98;11;35
18-09-22;5754221;837259;74;11;11
18-09-22;2126860;242318;95;14;60
18-09-22;6367193;728806;35;13;40
18-09-22;4614619;838610;130;6;80
18-09-22;3191929;208234;124;12;63
18-09-22;9369334;945261;82;10;24
18-09-22;9812947;727750;117;2;5
18-09-22;4966208;548956;43;20;38
18-09-22;3870782;765593;88;13;17
18-09-22;8905571;530415;72;13;96
18-09-22;9486325;878771;76;6;15
18-09-22;9091176;601337;170;0;80
18-09-22;4095691;828161;148;17;73
18-09-22;9231993;308003;48;5;56
18-09-22;2670257;232562;37;15;29
18-09-22;4512475;875457;33;7;58
18-09-22;8392666;946541;128;13;72
18-09-22;7257861;414803;125;6;26
18-09-22;7831897;387751;155;11;3
18-09-22;6455352;396280;21;3;15
18-09-22;2126129;696070;68;17;86
18-09-22;6276949;869094;117;17;1
18-09-22;7522337;510731;73;14;50
18-09-22;7460394;482383;42;7;4
18-09-22;4575523;601921;21;11;86
18-09-22;2625744;397152;145;0;34
18-09-22;9129209;448343;110;2;98
18-09-22;9561353;292881;126;3;64
18-09-22;7919656;275845;164;2;34
18-09-22;6474586;882756;35;1;77
18-09-22;9305363;437609;34;14;28
18-09-22;7804337;209447;123;11;67
18-09-22;2414392;351399;131;16;92
18-09-22;5090970;513459;167;18;60
18-09-22;9785579;575309;73;5;57
18-09-22;4445229;922537;68;11;3
18-09-22;4386374;636621;81;8;31
18-09-22;6646160;540930;36;19;73
18-09-22;5214126;731113;44;0;79
18-09-22;5291617;492271;156;5;90
18-09-22;2965512;656541;130;5;58
18-09-22;6072100;936821;110;18;70
18-09-22;9897043;213380;31;2;74
18-09-22;6336548;983190;29;17;58
18-09-22;4504226;202757;159;16;66
18-09-22;6885107;640587;86;7;54
18-09-22;5405314;512048;78;4;45
18-09-22;9899983;898567;157;0;66
18-09-22;6093554;208649;59;17;35
18-09-22;5997537;878828;90;10;68
18-09-22;3117664;931568;21;18;81
18-09-22;4020628;962527;21;5;88
18-09-22;5453888;290561;117;10;80
18-09-22;3445218;388499;49;6;85
18-09-22;7096134;473109;41;18;43
18-09-22;7432001;397516;44;20;89
18-09-22;6674037;791403;74;13;45
18-09-22;8255218;302385;26;17;23
18-09-22;9484999;457841;42;10;8
18-09-22;9074204;701533;69;19;45
18-09-22;6135380;927488;102;20;93
18-09-22;4820240;383083;79;4;38
18-09-22;3668697;561596;75;12;31
18-09-22;5427932;532796;127;19;27
18-09-22;8757679;777005;164;16;47
18-09-22;6860590;624033;33;5;54
18-09-22;6826103;456823;45;17;45
18-09-22;7468666;980381;59;0;96
18-09-22;6565850;437068;134;19;81
18-09-21;5133829;791273;58;3;31
18-09-21;8809446;519741;123;7;39
18-09-21;7646189;538321;128;0;63
18-09-21;2179612;429928;150;1;44
18-09-21;9600171;444562;103;6;91
18-09-21;4811390;267197;149;17;20
18-09-21;7812324;451600;31;16;9
18-09-21;4400958;694877;125;16;5
18-09-21;7854034;212849;125;1;36
18-09-21;6770739;500884;156;7;61
18-09-21;3206499;467932;28;12;40
18-09-21;7045193;277190;37;17;12
18-09-21;2941121;419244;53;5;42
18-09-21;6874007;632022;41;15;48
18-09-21;6326425;610900;108;2;49
18-09-21;8373923;517809;169;2;15
18-09-21;5031164;685285;57;9;19
18-09-21;2588717;826137;135;4;99
18-09-21;3426753;922284;141;15;53
18-09-21;8177874;570985;128;4;60
18-09-21;2615531;261796;125;19;7
18-09-21;8189824;353490;87;11;51
18-09-21;9182988;813273;116;20;94
18-09-21;5519816;722304;92;13;86
18-09-21;8358923;638589;144;9;47
18-09-21;8713853;889179;21;11;100
18-09-21;2516229;943262;31;7;23
18-09-21;9256806;740476;121;5;79
18-09-21;7677691;942235;94;13;74
18-09-21;9400755;951269;69;3;11
18-09-21;4548136;885748;159;6;69
18-09-21;7320713;845126;166;4;96
18-09-21;2430591;958680;23;7;55
18-09-21;2254203;596130;164;10;17
18-09-21;9459754;604923;85;19;56
18-09-21;4897976;693763;128;1;4
18-09-21;3620853;252633;62;7;4
18-09-21;7313474;266200;98;12;51
18-09-21;8876787;468449;157;20;2
18-09-21;9254164;932803;80;3;98
18-09-21;9305199;407330;127;18;33
18-09-21;2063216;983573;65;2;88
18-09-21;6613440;497410;44;16;77
18-09-21;4082035;210889;82;12;78
18-09-21;9991516;598487;45;10;26
18-09-21;8620558;297883;51;4;42
18-09-21;2420092;635268;89;18;3
18-09-21;8358290;714054;170;0;74
18-09-21;3978288;778486;126;11;81
18-09-21;9348330;572801;140;1;54
18-09-21;4946072;408838;159;1;32
18-09-21;9156412;772255;61;4;2
18-09-21;2871335;973589;143;12;86
18-09-21;5158254;632423;68;6;12
18-09-21;7376754;836298;45;16;3
18-09-21;9604013;272417;65;4;44
18-09-21;5881710;347767;112;16;33
18-09-21;5541973;666546;43;8;30
18-09-21;8559524;902762;90;1;78
18-09-21;8032669;782058;122;3;84
18-09-21;2808718;594651;106;11;83
18-09-21;4923945;663764;71;6;60
18-09-21;2998772;488508;165;2;84
18-09-21;8371542;825514;72;14;22
18-09-21;2153230;804102;100;18;26
18-09-21;2334080;469902;81;19;30
18-09-21;6590455;854815;104;11;50
18-09-21;5351623;709687;94;9;83
18-09-21;3682427;667752;29;6;54
18-09-21;3917635;622300;92;15;86
18-09-21;7224612;929822;117;14;76
18-09-21;2319358;402635;137;11;42
18-09-21;8995675;509727;71;10;21
18-09-21;5036317;621517;143;2;91
18-09-21;8192884;480802;160;0;31
18-09-21;6843017;937436;21;15;31
18-09-21;4947383;475505;119;19;87
18-09-21;8879597;458783;146;15;29
18-09-21;9350033;920589;35;11;15
18-09-21;7466531;757489;123;12;68
18-09-21;2231311;637198;108;13;49
18-09-21;2280475;500224;161;1;1
18-09-21;3918242;430761;59;3;43
18-09-21;8510738;371599;128;2;50
18-09-21;8990555;830383;113;5;92
18-09-21;4873678;540117;167;0;73
18-09-21;4413965;968026;70;14;46
18-09-21;2974883;201403;128;10;38
18-09-21;7505280;563149;136;2;61
18-09-21;7348514;805936;48;18;63
18-09-21;9594694;525328;146;18;10
18-09-21;4388491;325940;134;12;94
18-09-21;8563268;803205;55;12;78
18-09-21;8295381;662240;62;17;25
18-09-21;8619850;514373;80;2;61
18-09-21;5038392;280146;81;14;54
18-09-21;6869299;709551;92;10;50
18-09-21;3932824;426852;94;1;58
18-09-21;5238540;613807;42;8;26
18-09-21;6466395;572754;117;2;63
18-09-20;4924492;889606;140;13;74
18-09-20;4953162;807531;125;20;28
18-09-20;7790411;715335;149;1;65
18-09-20;3913563;361853;29;14;31
18-09-20;2620668;452025;95;2;23
18-09-20;4868440;488517;168;20;4
18-09-20;8552458;501041;113;18;70
18-09-20;4516952;593313;107;14;95
18-09-20;8215559;472203;72;3;83
18-09-20;8464912;464445;101;4;42
18-09-20;7769193;352855;164;20;44
18-09-20;7697587;909157;97;11;44
18-09-20;4725979;715834;126;4;25
18-09-20;4283276;557736;116;9;45
18-09-20;2508090;839529;106;17;9
18-09-20;5152958;717887;115;5;98
18-09-20;7732572;878266;133;6;34
18-09-20;3027863;845549;80;12;47
18-09-20;8941636;732363;106;10;44
18-09-20;7238082;716195;169;2;83
18-09-20;4580257;478635;60;6;11
18-09-20;4437623;900374;158;12;69
18-09-20;9824250;465997;66;20;88
18-09-20;5607655;896173;20;12;59
18-09-20;4722295;737559;44;20;29
18-09-20;8739069;896806;47;12;12
18-09-20;2614869;791402;148;5;54
18-09-20;5987489;774941;122;6;52
18-09-20;7881685;331046;139;11;93
18-09-20;6233359;299569;101;15;45
18-09-20;9142844;776997;26;7;99
18-09-20;2337786;995847;161;5;44
18-09-20;2069244;550195;151;12;99
18-09-20;8527258;312237;114;2;99
18-09-20;3149533;295215;125;11;78
18-09-20;2990788;720900;160;3;4
18-09-20;3932972;353326;93;11;41
18-09-20;3564891;447822;103;5;85
18-09-20;7704362;561049;32;8;54
18-09-20;3566257;811914;149;11;27
18-09-20;7532190;658603;100;9;23
18-09-20;4703905;520222;28;9;37
18-09-20;9154393;428280;69;20;12
18-09-20;6396962;390157;167;11;93
18-09-20;9160134;516562;147;7;9
18-09-20;9274499;721369;73;17;11
18-09-20;2571502;908542;114;17;65
18-09-20;8719880;987608;35;17;2
18-09-20;4509096;524852;149;14;2
18-09-20;6593683;233746;84;19;52
18-09-20;8696887;655797;73;3;83
18-09-20;8316789;905837;52;7;4
18-09-20;3317073;428372;102;8;36
18-09-20;5305914;831765;83;19;76
18-09-20;7252296;223852;76;5;58
18-09-20;8542380;316753;39;12;33
18-09-20;8435947;452438;138;11;3
18-09-20;9784080;252774;78;17;22
18-09-20;9263369;516554;60;7;81
18-09-20;7660937;568200;44;14;54
18-09-20;5657673;295848;91;3;38
18-09-20;8909854;698032;133;6;13
18-09-20;6660472;922343;46;5;79
18-09-20;6149938;847778;148;19;80
18-09-20;9462389;497374;112;4;10
18-09-20;5802940;355386;100;11;11
18-09-20;7462983;847214;169;0;67
18-09-20;3413616;555722;111;17;44
18-09-20;7205659;948201;86;20;6
18-09-20;7387609;410822;98;12;51
18-09-20;6847108;949058;159;0;92
18-09-20;5604738;225940;70;2;17
18-09-20;4433349;375606;90;13;29
18-09-20;8618929;927752;130;15;9
18-09-20;5947278;819866;114;15;81
18-09-20;7106766;336862;30;2;72
18-09-20;5477791;213856;57;15;56
18-09-20;3092811;496294;142;11;26
18-09-20;9779790;220457;101;12;27
18-09-20;2340224;744192;120;1;73
18-09-20;4329927;567214;71;18;8
18-09-20;7374033;447152;142;13;16
18-09-20;7957271;624472;167;13;8
18-09-20;8694734;820614;138;16;16
18-09-20;6865436;697987;101;6;66
18-09-20;5519114;953780;30;18;71
18-09-20;2354000;242978;34;10;53
18-09-20;6096992;258311;28;17;57
18-09-20;5820481;649596;35;7;74
18-09-20;7952942;904884;89;0;49
18-09-20;2443952;992889;104;12;60
18-09-20;9132905;811923;62;11;26
18-09-20;2995501;609275;80;4;62
18-09-20;5228362;203106;84;17;81
18-09-20;3046227;599104;63;15;23
18-09-20;9894181;278689;75;4;1
18-09-20;3012282;211823;144;11;57
18-09-20;3047596;445053;104;10;57
18-09-20;7959784;296923;58;0;48
18-09-20;7438268;202346;153;16;71
18-09-19;6714699;919429;81;9;16
18-09-19;4354587;817091;117;14;22
18-09-19;5208197;921079;170;7;39
18-09-19;7259221;435119;40;0;33
18-09-19;8878957;265358;84;2;86
18-09-19;3016143;905843;109;12;77
18-09-19;6965355;271652;35;2;100
18-09-19;6360337;941239;117;9;57
18-09-19;8507585;842048;161;11;12
18-09-19;9191789;903474;32;4;10
18-09-19;6729170;230462;89;12;76
18-09-19;2253106;411831;144;1;37
18-09-19;5026156;506798;169;1;1
18-09-19;7635898;825988;155;20;78
18-09-19;7219668;771509;33;19;76
18-09-19;6907681;238179;110;10;68
18-09-19;3648066;350123;49;5;48
18-09-19;3612811;587953;85;8;59
18-09-19;2643918;522590;170;2;78
18-09-19;7862669;221493;47;17;12
18-09-19;5327138;759145;90;7;10
18-09-19;7237106;831319;144;15;71
18-09-19;3994690;686376;160;11;43
18-09-19;3543969;765774;163;6;90
18-09-19;8037637;922454;123;17;44
18-09-19;8966316;264289;75;15;30
18-09-19;7514941;943853;117;10;74
18-09-19;6728154;866478;103;10;98
18-09-19;5834632;822255;150;0;52
18-09-19;6978497;718857;89;12;12
18-09-19;3219791;707586;162;6;80
18-09-19;6971006;293628;72;14;11
18-09-19;8096711;383248;60;2;10
18-09-19;3659996;259379;63;4;80
18-09-19;8466352;282322;115;7;23
18-09-19;5886919;333899;34;10;87
18-09-19;9301911;656267;137;7;58
18-09-19;8038416;915253;104;13;8
18-09-19;5488422;542294;143;9;5
18-09-19;8585186;402277;83;3;5
18-09-19;7569940;776810;126;19;29
18-09-19;4184197;542442;159;1;65
18-09-19;4136308;378426;112;9;55
18-09-19;8644472;780204;68;2;70
18-09-19;9382724;466021;63;19;82
18-09-19;5512784;872339;125;19;37
18-09-19;7843622;810022;38;0;22
18-09-19;7535579;654691;133;1;19
18-09-19;6947860;983960;88;2;59
18-09-19;5671432;533036;43;11;29
18-09-19;7496933;911369;94;10;89
18-09-19;3363511;561536;79;2;23
18-09-19;9987532;565032;54;17;34
18-09-19;6551416;800337;66;13;18
18-09-19;4443951;502535;64;4;10
18-09-19;9084202;845349;154;14;48
18-09-19;2584766;992563;84;6;45
18-09-19;5393813;513199;131;7;82
18-09-19;6716309;494317;144;7;46
18-09-19;2626082;598634;90;14;76
18-09-19;5077964;214297;45;0;56
18-09-19;7343574;906136;159;14;91
18-09-19;5685100;406538;25;13;91
18-09-19;9641419;488426;73;17;30
18-09-19;8401968;391090;75;6;97
18-09-19;6511611;411998;27;18;74
18-09-19;6278373;866865;130;17;99
18-09-19;3071747;634960;75;9;54
18-09-19;6456196;729763;85;3;91
18-09-19;8457041;411245;110;2;72
18-09-19;9761375;355556;21;12;74
18-09-19;8252661;385479;152;18;54
18-09-19;4513270;739021;36;9;62
18-09-19;5628600;376255;23;6;59
18-09-19;7473471;438094;118;0;70
18-09-19;6076736;562429;111;18;54
18-09-19;3521748;395228;145;19;80
18-09-19;7837464;282609;125;7;29
18-09-19;8374377;412003;133;11;32
18-09-19;6844227;494805;111;6;13
18-09-19;6546959;696827;81;19;22
18-09-19;9816880;990513;83;7;71
18-09-19;8204411;460323;129;7;46
18-09-19;2118763;300143;134;8;8
18-09-19;7509308;988956;152;9;97
18-09-19;5633575;563465;22;19;43
18-09-19;7325399;486527;95;5;15
18-09-19;6052669;559695;162;17;25
18-09-19;4487897;757956;46;16;13
18-09-19;9357396;618258;135;16;63
18-09-19;6107904;637995;91;7;60
18-09-19;5819396;423286;68;15;52
18-09-19;7365876;527852;114;16;66
18-09-19;7929166;719653;92;18;45
18-09-19;9804198;671677;127;14;94
18-09-19;4880187;410373;100;16;2
18-09-19;3071184;254926;158;5;100
18-09-19;7551334;585603;79;4;55
18-09-19;8574244;860443;40;20;36
18-09-19;3739362;290500;112;6;19
